Timestamp,Velocity,accel_X,accel_Z,Steering_wheel_x,Accelerator,Brake,Winker(left),Winker(right),Label,Timecheck
20200722_132202_3698202066, 88.06841278076172,-0.000391,-0.241305,-1.0,0.0,0.0, 0.0, 0.0,0,0:00:00
20200722_132202_3698218732, 88.0907211303711,-0.000326,-0.222342,-1.0,0.0,0.0, 0.0, 0.0,0,0:00:00
20200722_132202_3698252064, 88.10111236572266,-0.000368,-0.213152,-1.0,0.0,0.0, 0.0, 0.0,0,0:00:00
20200722_132202_3698268730, 88.12043762207031,-0.000334,-0.195333,-1.0,0.0,0.0, 0.0, 0.0,0,0:00:00
20200722_132202_3698302062, 88.12937927246094,-0.000198,-0.186681,-1.0,0.0,0.0, 0.0, 0.0,0,0:00:00
20200722_132202_3698318728, 88.14591217041016,-0.000103,-0.169868,-1.0,0.0,0.0, 0.0, 0.0,0,0:00:00
20200722_132202_3698352060, 88.15349578857422,-0.000163,-0.161743,-1.0,0.0,0.0, 0.0, 0.0,0,0:00:00
20200722_132202_3698385392, 88.16740417480469,-0.000236,-0.145995,-1.0,0.0,0.0, 0.0, 0.0,0,0:00:00
20200722_132202_3698418724, 88.17963409423828,-0.000179,-0.130911,-1.0,0.0,0.0, 0.0, 0.0,0,0:00:00
20200722_132202_3698452056, 88.19026184082031,-0.00026,-0.116422,-1.0,0.0,0.0, 0.0, 0.0,0,0:00:00
20200722_132202_3698485388, 88.19935607910156,-0.000294,-0.102517,-1.0,0.0,0.0, 0.0, 0.0,0,0:00:00
20200722_132203_3698518720, 88.20697784423828,-0.000242,-0.089184,-1.0,0.0,0.0, 0.0, 0.0,0,0:00:01
20200722_132203_3698535386, 88.21326446533203,-0.000119,-0.076481,-1.0,5.0,0.0, 0.0, 0.0,0,0:00:01
20200722_132203_3698568718, 88.2160873413086,-0.000254,-0.070667,-1.0,6.0,0.0, 0.0, 0.0,0,0:00:01
20200722_132203_3698585384, 88.22138977050781,-0.000312,-0.060459,-1.0,8.0,0.0, 0.0, 0.0,0,0:00:01
20200722_132203_3698635382, 88.22391510009766,-0.000276,-0.056133,-1.0,8.0,0.0, 0.0, 0.0,0,0:00:01
20200722_132203_3698668714, 88.23111724853516,0.091059,-0.046313,-0.0,9.0,0.0, 0.0, 0.0,0,0:00:01
20200722_132203_3698702046, 88.23580169677734,0.10553,-0.042628,-0.0,11.0,0.0, 0.0, 0.0,0,0:00:01
20200722_132203_3698752044, 88.2406234741211,0.106225,-0.040946,0.0,14.0,0.0, 0.0, 0.0,0,0:00:01
20200722_132203_3698768710, 88.24852752685547,0.151725,-0.041072,1.0,16.0,0.0, 0.0, 0.0,0,0:00:01
20200722_132203_3698802042, 88.25137329101562,0.185147,-0.041712,1.0,16.0,0.0, 0.0, 0.0,0,0:00:01
20200722_132203_3698818708, 88.2574234008789,0.158635,-0.043887,3.0,16.0,0.0, 0.0, 0.0,0,0:00:01
20200722_132203_3698852040, 88.26052856445312,0.208682,-0.045203,3.0,16.0,0.0, 0.0, 0.0,0,0:00:01
20200722_132203_3698885372, 88.26712036132812,0.315842,-0.04827,3.0,17.0,0.0, 0.0, 0.0,0,0:00:01
20200722_132203_3698918704, 88.27433776855469,0.364555,-0.052001,4.0,17.0,0.0, 0.0, 0.0,0,0:00:01
20200722_132203_3698952036, 88.28221130371094,0.307806,-0.056178,3.0,17.0,0.0, 0.0, 0.0,0,0:00:01
20200722_132203_3698968702, 88.29047393798828,0.205532,-0.060275,3.0,17.0,0.0, 0.0, 0.0,0,0:00:01
20200722_132203_3699002034, 88.29479217529297,0.159289,-0.062335,3.0,17.0,0.0, 0.0, 0.0,0,0:00:01
20200722_132203_3699035366, 88.3025131225586,-0.046812,-0.064624,2.0,17.0,0.0, 0.0, 0.0,0,0:00:01
20200722_132203_3699068698, 88.3119125366211,-0.199309,-0.06879,1.0,18.0,0.0, 0.0, 0.0,0,0:00:01
20200722_132203_3699102030, 88.32170867919922,-0.292592,-0.072567,1.0,19.0,0.0, 0.0, 0.0,0,0:00:01
20200722_132203_3699118696, 88.33197021484375,-0.376481,-0.076149,-1.0,20.0,0.0, 0.0, 0.0,0,0:00:01
20200722_132203_3699168694, 88.33733367919922,-0.372124,-0.07814,-1.0,20.0,0.0, 0.0, 0.0,0,0:00:01
20200722_132203_3699185360, 88.35384368896484,-0.448205,-0.085602,-3.0,20.0,0.0, 0.0, 0.0,0,0:00:01
20200722_132203_3699218692, 88.35957336425781,-0.472567,-0.08741,-3.0,20.0,0.0, 0.0, 0.0,0,0:00:01
20200722_132203_3699252024, 88.3715591430664,-0.457346,-0.091405,-3.0,20.0,0.0, 0.0, 0.0,0,0:00:01
20200722_132203_3699285356, 88.3843002319336,-0.347739,-0.095937,-3.0,21.0,0.0, 0.0, 0.0,0,0:00:01
20200722_132203_3699318688, 88.39765930175781,-0.239115,-0.100595,-2.0,21.0,0.0, 0.0, 0.0,0,0:00:01
20200722_132203_3699335354, 88.41158294677734,0.014854,-0.105562,-0.0,21.0,0.0, 0.0, 0.0,0,0:00:01
20200722_132203_3699368686, 88.41864776611328,0.204442,-0.108045,0.0,21.0,0.0, 0.0, 0.0,0,0:00:01
20200722_132203_3699402018, 88.43301391601562,0.459704,-0.11268,2.0,22.0,0.0, 0.0, 0.0,0,0:00:01
20200722_132204_3699435350, 88.44771575927734,0.616521,-0.116468,3.0,22.0,0.0, 0.0, 0.0,0,0:00:02
20200722_132204_3699452016, 88.4627456665039,0.720983,-0.11981,4.0,22.0,0.0, 0.0, 0.0,0,0:00:02
20200722_132204_3699485348, 88.470458984375,0.703323,-0.121378,4.0,22.0,0.0, 0.0, 0.0,0,0:00:02
20200722_132204_3699518680, 88.48623657226562,0.598988,-0.124479,5.0,22.0,0.0, 0.0, 0.0,0,0:00:02
20200722_132204_3699568678, 88.50281524658203,0.450293,-0.128371,5.0,22.0,0.0, 0.0, 0.0,0,0:00:02
20200722_132204_3699585344, 88.52886962890625,0.174998,-0.135294,5.0,22.0,0.0, 0.0, 0.0,0,0:00:02
20200722_132204_3699618676, 88.53773498535156,0.11146,-0.137583,5.0,23.0,0.0, 0.0, 0.0,0,0:00:02
20200722_132204_3699652008, 88.55571746826172,0.002996,-0.142138,5.0,23.0,0.0, 0.0, 0.0,0,0:00:02
20200722_132204_3699685340, 88.57391357421875,-0.02026,-0.146167,5.0,23.0,0.0, 0.0, 0.0,0,0:00:02
20200722_132204_3699718672, 88.59260559082031,0.003309,-0.149703,5.0,23.0,0.0, 0.0, 0.0,0,0:00:02
20200722_132204_3699752004, 88.61168670654297,0.066419,-0.152747,6.0,23.0,0.0, 0.0, 0.0,0,0:00:02
20200722_132204_3699785336, 88.6312255859375,0.127218,-0.15586,6.0,23.0,0.0, 0.0, 0.0,0,0:00:02
20200722_132204_3699802002, 88.65116882324219,0.171605,-0.159145,6.0,23.0,0.0, 0.0, 0.0,0,0:00:02
20200722_132204_3699835334, 88.66132354736328,0.170178,-0.160976,6.0,23.0,0.0, 0.0, 0.0,0,0:00:02
20200722_132204_3699868666, 88.68193054199219,0.151908,-0.164615,6.0,24.0,0.0, 0.0, 0.0,0,0:00:02
20200722_132204_3699901998, 88.7030029296875,0.113702,-0.168232,6.0,24.0,0.0, 0.0, 0.0,0,0:00:02
20200722_132204_3699918664, 88.72444152832031,0.079985,-0.171734,7.0,24.0,0.0, 0.0, 0.0,0,0:00:02
20200722_132204_3699951996, 88.73533630371094,0.058046,-0.173565,7.0,24.0,0.0, 0.0, 0.0,0,0:00:02
20200722_132204_3699985328, 88.75731658935547,0.028501,-0.176953,7.0,24.0,0.0, 0.0, 0.0,0,0:00:02
20200722_132204_3700018660, 88.77957153320312,0.031757,-0.180031,7.0,24.0,0.0, 0.0, 0.0,0,0:00:02
20200722_132204_3700051992, 88.80200958251953,0.064314,-0.182709,7.0,24.0,0.0, 0.0, 0.0,0,0:00:02
20200722_132204_3700085324, 88.82479095458984,0.105845,-0.185261,8.0,24.0,0.0, 0.0, 0.0,2,0:00:02
20200722_132204_3700101990, 88.84774780273438,0.166128,-0.187402,8.0,24.0,0.0, 0.0, 0.0,2,0:00:02
20200722_132204_3700151988, 88.85940551757812,0.19301,-0.188569,9.0,24.0,0.0, 0.0, 0.0,2,0:00:02
20200722_132204_3700168654, 88.89498901367188,0.21957,-0.192414,9.0,24.0,0.0, 0.0, 0.0,2,0:00:02
20200722_132204_3700201986, 88.90706634521484,0.21037,-0.193856,9.0,24.0,0.0, 0.0, 0.0,2,0:00:02
20200722_132204_3700235318, 88.93115234375,0.190686,-0.196374,9.0,24.0,0.0, 0.0, 0.0,2,0:00:02
20200722_132204_3700251984, 88.95563507080078,0.150871,-0.199098,10.0,24.0,0.0, 0.0, 0.0,2,0:00:02
20200722_132204_3700301982, 88.96798706054688,0.132458,-0.20046,10.0,25.0,0.0, 0.0, 0.0,2,0:00:02
20200722_132204_3700335314, 89.0055160522461,0.09615,-0.204259,10.0,25.0,0.0, 0.0, 0.0,2,0:00:02
20200722_132204_3700351980, 89.03111267089844,0.090114,-0.2068,10.0,25.0,0.0, 0.0, 0.0,2,0:00:02
20200722_132204_3700368646, 89.04405212402344,0.073515,-0.208368,10.0,25.0,0.0, 0.0, 0.0,2,0:00:02
20200722_132205_3700418644, 89.05707550048828,0.062619,-0.209924,10.0,25.0,0.0, 0.0, 0.0,2,0:00:03
20200722_132205_3700435310, 89.09637451171875,0.041253,-0.214022,10.0,25.0,0.0, 0.0, 0.0,2,0:00:03
20200722_132205_3700468642, 89.10961151123047,0.03446,-0.215326,10.0,25.0,0.0, 0.0, 0.0,2,0:00:03
20200722_132205_3700501974, 89.13621520996094,0.016502,-0.21789,10.0,25.0,0.0, 0.0, 0.0,2,0:00:03
20200722_132205_3700535306, 89.16319274902344,0.014227,-0.220179,10.0,25.0,0.0, 0.0, 0.0,2,0:00:03
20200722_132205_3700568638, 89.19036865234375,0.025286,-0.222204,10.0,25.0,0.0, 0.0, 0.0,2,0:00:03
20200722_132205_3700601970, 89.21784973144531,0.02578,-0.224402,10.0,25.0,0.0, 0.0, 0.0,2,0:00:03
20200722_132205_3700618636, 89.2455062866211,0.029508,-0.226542,10.0,25.0,0.0, 0.0, 0.0,2,0:00:03
20200722_132205_3700651968, 89.25942993164062,0.027313,-0.227663,10.0,25.0,0.0, 0.0, 0.0,2,0:00:03
20200722_132205_3700685300, 89.28743743896484,0.029104,-0.229678,10.0,26.0,0.0, 0.0, 0.0,2,0:00:03
20200722_132205_3700718632, 89.31572723388672,0.023042,-0.231681,10.0,26.0,0.0, 0.0, 0.0,2,0:00:03
20200722_132205_3700735298, 89.34425354003906,0.024833,-0.233672,10.0,26.0,0.0, 0.0, 0.0,2,0:00:03
20200722_132205_3700785296, 89.35861206054688,0.024901,-0.234656,11.0,26.0,0.0, 0.0, 0.0,2,0:00:03
20200722_132205_3700818628, 89.4020004272461,0.029475,-0.237666,11.0,27.0,0.0, 0.0, 0.0,2,0:00:03
20200722_132205_3700835294, 89.43131256103516,0.022248,-0.23984,11.0,27.0,0.0, 0.0, 0.0,2,0:00:03
20200722_132205_3700868626, 89.44606018066406,0.021194,-0.240916,11.0,27.0,0.0, 0.0, 0.0,2,0:00:03
20200722_132205_3700901958, 89.47572326660156,0.015229,-0.242988,11.0,27.0,0.0, 0.0, 0.0,2,0:00:03
20200722_132205_3700935290, 89.50562286376953,0.01055,-0.245082,11.0,27.0,0.0, 0.0, 0.0,2,0:00:03
20200722_132205_3700951956, 89.53570556640625,-0.000271,-0.247154,11.0,27.0,0.0, 0.0, 0.0,2,0:00:03
20200722_132205_3701001954, 89.55083465576172,-0.001537,-0.248115,11.0,27.0,0.0, 0.0, 0.0,2,0:00:03
20200722_132205_3701018620, 89.59654998779297,0.000262,-0.250873,11.0,27.0,0.0, 0.0, 0.0,2,0:00:03
20200722_132205_3701051952, 89.61189270019531,0.000376,-0.251766,11.0,27.0,0.0, 0.0, 0.0,2,0:00:03
20200722_132205_3701085284, 89.64274597167969,0.001618,-0.253562,11.0,27.0,0.0, 0.0, 0.0,2,0:00:03
20200722_132205_3701118616, 89.67378234863281,0.002187,-0.255291,11.0,27.0,0.0, 0.0, 0.0,2,0:00:03
20200722_132205_3701151948, 89.70499420166016,0.002309,-0.256984,11.0,27.0,0.0, 0.0, 0.0,2,0:00:03
20200722_132205_3701168614, 89.73640441894531,0.001846,-0.258621,11.0,27.0,0.0, 0.0, 0.0,2,0:00:03
20200722_132205_3701201946, 89.7521743774414,0.001432,-0.259422,11.0,27.0,0.0, 0.0, 0.0,2,0:00:03
20200722_132205_3701235278, 89.78385925292969,0.001001,-0.261001,11.0,27.0,0.0, 0.0, 0.0,2,0:00:03
20200722_132205_3701268610, 89.81575012207031,0.001461,-0.262569,11.0,27.0,0.0, 0.0, 0.0,2,0:00:03
20200722_132205_3701285276, 89.84784698486328,0.001741,-0.264183,11.0,27.0,0.0, 0.0, 0.0,2,0:00:03
20200722_132205_3701318608, 89.86395263671875,0.001837,-0.264984,11.0,27.0,0.0, 0.0, 0.0,2,0:00:03
20200722_132206_3701351940, 89.8963394165039,0.001758,-0.266621,11.0,27.0,0.0, 0.0, 0.0,2,0:00:04
20200722_132206_3701385272, 89.92889404296875,0.001626,-0.268234,11.0,28.0,0.0, 0.0, 0.0,2,0:00:04
20200722_132206_3701418604, 89.96162414550781,0.001296,-0.269791,11.0,28.0,0.0, 0.0, 0.0,2,0:00:04
20200722_132206_3701451936, 89.9945297241211,0.00204,-0.271324,11.0,28.0,0.0, 0.0, 0.0,2,0:00:04
20200722_132206_3701468602, 90.0275650024414,0.005341,-0.272743,11.0,27.0,0.0, 0.0, 0.0,2,0:00:04
20200722_132206_3701501934, 90.04412078857422,0.007408,-0.273373,11.0,27.0,0.0, 0.0, 0.0,2,0:00:04
20200722_132206_3701551932, 90.07725524902344,0.021818,-0.274472,11.0,28.0,0.0, 0.0, 0.0,2,0:00:04
20200722_132206_3701568598, 90.12689971923828,0.075574,-0.275525,12.0,28.0,0.0, 0.0, 0.0,2,0:00:04
20200722_132206_3701601930, 90.14356231689453,0.09243,-0.275914,12.0,28.0,0.0, 0.0, 0.0,2,0:00:04
20200722_132206_3701635262, 90.17686462402344,0.137255,-0.276417,12.0,28.0,0.0, 0.0, 0.0,2,0:00:04
20200722_132206_3701668594, 90.21028900146484,0.179521,-0.277001,13.0,28.0,0.0, 0.0, 0.0,2,0:00:04
20200722_132206_3701685260, 90.24390411376953,0.200797,-0.277813,13.0,28.0,0.0, 0.0, 0.0,2,0:00:04
20200722_132206_3701718592, 90.26065063476562,0.208824,-0.278145,13.0,28.0,0.0, 0.0, 0.0,2,0:00:04
20200722_132206_3701751924, 90.29410552978516,0.223947,-0.278729,14.0,28.0,0.0, 0.0, 0.0,2,0:00:04
20200722_132206_3701785256, 90.32730102539062,0.256947,-0.278592,15.0,28.0,0.0, 0.0, 0.0,2,0:00:04
20200722_132206_3701801922, 90.36082458496094,0.274062,-0.278901,15.0,28.0,0.0, 0.0, 0.0,2,0:00:04
20200722_132206_3701835254, 90.37772369384766,0.286227,-0.279107,16.0,28.0,0.0, 0.0, 0.0,2,0:00:04
20200722_132206_3701851920, 90.41182708740234,0.31064,-0.279919,16.0,28.0,0.0, 0.0, 0.0,2,0:00:04
20200722_132206_3701901918, 90.42900848388672,0.314872,-0.280652,16.0,28.0,0.0, 0.0, 0.0,2,0:00:04
20200722_132206_3701918584, 90.4813461303711,0.266831,-0.284463,17.0,29.0,0.0, 0.0, 0.0,2,0:00:04
20200722_132206_3701951916, 90.49894714355469,0.232162,-0.286134,17.0,29.0,0.0, 0.0, 0.0,2,0:00:04
20200722_132206_3701968582, 90.53437042236328,0.164698,-0.289304,17.0,29.0,0.0, 0.0, 0.0,2,0:00:04
20200722_132206_3702018580, 90.55216979980469,0.12868,-0.290803,17.0,29.0,0.0, 0.0, 0.0,2,0:00:04
20200722_132206_3702035246, 90.60569763183594,0.031279,-0.294545,17.0,29.0,0.0, 0.0, 0.0,2,0:00:04
20200722_132206_3702068578, 90.62356567382812,0.014631,-0.295278,16.0,29.0,0.0, 0.0, 0.0,2,0:00:04
20200722_132206_3702085244, 90.65960693359375,-0.020449,-0.297166,16.0,29.0,0.0, 0.0, 0.0,2,0:00:04
20200722_132206_3702118576, 90.67794799804688,-0.044596,-0.298391,16.0,29.0,0.0, 0.0, 0.0,2,0:00:04
20200722_132206_3702168574, 90.71487426757812,-0.095964,-0.300897,15.0,29.0,0.0, 0.0, 0.0,2,0:00:04
20200722_132206_3702185240, 90.77037048339844,-0.178076,-0.304262,15.0,29.0,0.0, 0.0, 0.0,2,0:00:04
20200722_132206_3702218572, 90.7886962890625,-0.200911,-0.305051,14.0,29.0,0.0, 0.0, 0.0,2,0:00:04
20200722_132206_3702251904, 90.82561492919922,-0.254672,-0.30686,14.0,29.0,0.0, 0.0, 0.0,2,0:00:04
20200722_132206_3702268570, 90.86284637451172,-0.301811,-0.30821,13.0,29.0,0.0, 0.0, 0.0,2,0:00:04
20200722_132206_3702318568, 90.88162994384766,-0.326193,-0.308965,12.0,29.0,0.0, 0.0, 0.0,2,0:00:04
20200722_132207_3702335234, 90.93875122070312,-0.43336,-0.311289,10.0,29.0,0.0, 0.0, 0.0,2,0:00:05
20200722_132207_3702368566, 90.95759582519531,-0.454612,-0.31209,10.0,29.0,0.0, 0.0, 0.0,2,0:00:05
20200722_132207_3702418564, 90.99491882324219,-0.495927,-0.312983,9.0,29.0,0.0, 0.0, 0.0,2,0:00:05
20200722_132207_3702435230, 91.05026245117188,-0.450773,-0.312422,9.0,29.0,0.0, 0.0, 0.0,2,0:00:05
20200722_132207_3702468562, 91.06849670410156,-0.403048,-0.311495,9.0,29.0,0.0, 0.0, 0.0,2,0:00:05
20200722_132207_3702485228, 91.10491180419922,-0.215417,-0.308782,9.0,29.0,0.0, 0.0, 0.0,2,0:00:05
20200722_132207_3702518560, 91.12313079833984,-0.116515,-0.307352,10.0,29.0,0.0, 0.0, 0.0,2,0:00:05
20200722_132207_3702551892, 91.15959930419922,0.028895,-0.305727,10.0,29.0,0.0, 0.0, 0.0,2,0:00:05
20200722_132207_3702585224, 91.1960678100586,0.192191,-0.304285,11.0,29.0,0.0, 0.0, 0.0,2,0:00:05
20200722_132207_3702618556, 91.23235321044922,0.273752,-0.303541,12.0,29.0,0.0, 0.0, 0.0,2,0:00:05
20200722_132207_3702635222, 91.26851654052734,0.305303,-0.302991,12.0,29.0,0.0, 0.0, 0.0,2,0:00:05
20200722_132207_3702668554, 91.2864761352539,0.310358,-0.30266,13.0,29.0,0.0, 0.0, 0.0,2,0:00:05
20200722_132207_3702701886, 91.32241821289062,0.323844,-0.30171,14.0,29.0,0.0, 0.0, 0.0,2,0:00:05
20200722_132207_3702751884, 91.35820770263672,0.335759,-0.300668,14.0,29.0,0.0, 0.0, 0.0,2,0:00:05
20200722_132207_3702768550, 91.41284942626953,0.333565,-0.300886,15.0,29.0,0.0, 0.0, 0.0,2,0:00:05
20200722_132207_3702801882, 91.43145751953125,0.31549,-0.301744,15.0,29.0,0.0, 0.0, 0.0,2,0:00:05
20200722_132207_3702835214, 91.46893310546875,0.270737,-0.304147,15.0,29.0,0.0, 0.0, 0.0,2,0:00:05
20200722_132207_3702868546, 91.5066146850586,0.207864,-0.307054,15.0,29.0,0.0, 0.0, 0.0,2,0:00:05
20200722_132207_3702901878, 91.54431915283203,0.110655,-0.310236,15.0,29.0,0.0, 0.0, 0.0,2,0:00:05
20200722_132207_3702918544, 91.58198547363281,0.029454,-0.312548,15.0,29.0,0.0, 0.0, 0.0,2,0:00:05
20200722_132207_3702951876, 91.60074615478516,0.001458,-0.313211,15.0,29.0,0.0, 0.0, 0.0,2,0:00:05
20200722_132207_3702985208, 91.6382827758789,-0.013246,-0.313543,15.0,29.0,0.0, 0.0, 0.0,2,0:00:05
20200722_132207_3703018540, 91.67593383789062,-0.018529,-0.313681,15.0,29.0,0.0, 0.0, 0.0,2,0:00:05
20200722_132207_3703035206, 91.71368408203125,-0.009839,-0.313795,15.0,29.0,0.0, 0.0, 0.0,2,0:00:05
20200722_132207_3703068538, 91.73258972167969,-0.000744,-0.313841,15.0,29.0,0.0, 0.0, 0.0,2,0:00:05
20200722_132207_3703085204, 91.77052307128906,0.003131,-0.314287,15.0,29.0,0.0, 0.0, 0.0,2,0:00:05
20200722_132207_3703135202, 91.78947448730469,0.002171,-0.314596,15.0,29.0,0.0, 0.0, 0.0,2,0:00:05
20200722_132207_3703168534, 91.84651947021484,-0.022387,-0.315752,14.0,29.0,0.0, 0.0, 0.0,2,0:00:05
20200722_132207_3703185200, 91.88457489013672,-0.030452,-0.316359,14.0,29.0,0.0, 0.0, 0.0,2,0:00:05
20200722_132207_3703218532, 91.90357971191406,-0.031329,-0.316542,14.0,29.0,0.0, 0.0, 0.0,2,0:00:05
20200722_132207_3703235198, 91.94170379638672,-0.030826,-0.316965,14.0,29.0,0.0, 0.0, 0.0,2,0:00:05
20200722_132208_3703285196, 91.96076202392578,-0.028795,-0.317114,14.0,29.0,0.0, 0.0, 0.0,2,0:00:06
20200722_132208_3703301862, 92.01792907714844,-0.017432,-0.317503,14.0,29.0,0.0, 0.0, 0.0,2,0:00:06
20200722_132208_3703351860, 92.03700256347656,-0.010371,-0.317526,14.0,29.0,0.0, 0.0, 0.0,2,0:00:06
20200722_132208_3703385192, 92.09419250488281,0.004671,-0.317744,14.0,30.0,0.0, 0.0, 0.0,2,0:00:06
20200722_132208_3703401858, 92.13231658935547,0.021077,-0.317744,15.0,30.0,0.0, 0.0, 0.0,2,0:00:06
20200722_132208_3703435190, 92.15132141113281,0.033783,-0.317652,15.0,30.0,0.0, 0.0, 0.0,2,0:00:06
20200722_132208_3703485188, 92.18927001953125,0.062661,-0.317377,15.0,30.0,0.0, 0.0, 0.0,2,0:00:06
20200722_132208_3703518520, 92.24566650390625,0.144278,-0.31605,16.0,30.0,0.0, 0.0, 0.0,2,0:00:06
20200722_132208_3703551852, 92.28294372558594,0.213173,-0.314642,18.0,30.0,0.0, 0.0, 0.0,2,0:00:06
20200722_132208_3703585184, 92.31971740722656,0.300767,-0.312387,18.0,30.0,0.0, 0.0, 0.0,2,0:00:06
20200722_132208_3703618516, 92.35623168945312,0.382897,-0.309892,20.0,30.0,0.0, 0.0, 0.0,2,0:00:06
20200722_132208_3703635182, 92.39268493652344,0.443113,-0.307604,21.0,30.0,0.0, 0.0, 0.0,2,0:00:06
20200722_132208_3703668514, 92.41094970703125,0.458054,-0.306745,22.0,30.0,0.0, 0.0, 0.0,2,0:00:06
20200722_132208_3703701846, 92.44750213623047,0.471008,-0.305292,23.0,30.0,0.0, 0.0, 0.0,2,0:00:06
20200722_132208_3703735178, 92.48404693603516,0.459984,-0.304514,23.0,30.0,0.0, 0.0, 0.0,2,0:00:06
20200722_132208_3703768510, 92.52085876464844,0.435512,-0.304571,24.0,30.0,0.0, 0.0, 0.0,2,0:00:06
20200722_132208_3703801842, 92.5584487915039,0.398406,-0.306768,24.0,30.0,0.0, 0.0, 0.0,2,0:00:06
20200722_132208_3703835174, 92.59651947021484,0.348442,-0.309343,25.0,30.0,0.0, 0.0, 0.0,2,0:00:06
20200722_132208_3703851840, 92.63490295410156,0.289416,-0.312387,25.0,30.0,0.0, 0.0, 0.0,2,0:00:06
20200722_132208_3703885172, 92.6541519165039,0.253591,-0.314081,25.0,30.0,0.0, 0.0, 0.0,2,0:00:06
20200722_132208_3703901838, 92.69286346435547,0.182222,-0.317411,25.0,30.0,0.0, 0.0, 0.0,2,0:00:06
20200722_132208_3703951836, 92.71220397949219,0.146891,-0.318968,25.0,30.0,0.0, 0.0, 0.0,2,0:00:06
20200722_132208_3703968502, 92.77012634277344,0.065019,-0.321165,26.0,30.0,0.0, 0.0, 0.0,2,0:00:06
20200722_132208_3704018500, 92.78944396972656,0.049167,-0.3216,26.0,30.0,0.0, 0.0, 0.0,2,0:00:06
20200722_132208_3704051832, 92.84746551513672,0.019813,-0.322252,26.0,30.0,0.0, 0.0, 0.0,2,0:00:06
20200722_132208_3704085164, 92.88623046875,0.006562,-0.322333,26.0,30.0,0.0, 0.0, 0.0,2,0:00:06
20200722_132208_3704118496, 92.92494201660156,-0.012502,-0.322436,26.0,30.0,0.0, 0.0, 0.0,2,0:00:06
20200722_132208_3704135162, 92.96368408203125,-0.038179,-0.322653,26.0,30.0,0.0, 0.0, 0.0,2,0:00:06
20200722_132208_3704185160, 92.98303985595703,-0.049468,-0.32271,26.0,30.0,0.0, 0.0, 0.0,2,0:00:06
20200722_132208_3704235158, 93.0410385131836,-0.068235,-0.322676,26.0,31.0,0.0, 0.0, 0.0,2,0:00:06
20200722_132209_3704285156, 93.0987777709961,-0.069178,-0.322058,26.0,31.0,0.0, 0.0, 0.0,2,0:00:07
20200722_132209_3704318488, 93.15599060058594,-0.058081,-0.32057,27.0,31.0,0.0, 0.0, 0.0,2,0:00:07
20200722_132209_3704335154, 93.19373321533203,-0.046669,-0.318991,28.0,31.0,0.0, 0.0, 0.0,2,0:00:07
20200722_132209_3704385152, 93.21239471435547,-0.040343,-0.317869,28.0,31.0,0.0, 0.0, 0.0,2,0:00:07
20200722_132209_3704418484, 93.2677001953125,-0.029313,-0.313555,29.0,31.0,0.0, 0.0, 0.0,2,0:00:07
20200722_132209_3704451816, 93.30384063720703,-0.03302,-0.309893,30.0,31.0,0.0, 0.0, 0.0,2,0:00:07
20200722_132209_3704468482, 93.33930206298828,-0.04885,-0.305578,31.0,31.0,0.0, 0.0, 0.0,2,0:00:07
20200722_132209_3704518480, 93.35682678222656,-0.060778,-0.303129,31.0,31.0,0.0, 0.0, 0.0,2,0:00:07
20200722_132209_3704535146, 93.40853881835938,-0.123773,-0.295976,32.0,31.0,0.0, 0.0, 0.0,2,0:00:07
20200722_132209_3704568478, 93.42547607421875,-0.147636,-0.293275,33.0,31.0,0.0, 0.0, 0.0,2,0:00:07
20200722_132209_3704601810, 93.4586181640625,-0.204228,-0.288056,34.0,31.0,0.0, 0.0, 0.0,2,0:00:07
20200722_132209_3704635142, 93.49093627929688,-0.257565,-0.282048,34.0,31.0,0.0, 0.0, 0.0,2,0:00:07
20200722_132209_3704651808, 93.52245330810547,-0.312276,-0.276097,35.0,31.0,0.0, 0.0, 0.0,2,0:00:07
20200722_132209_3704685140, 93.53790283203125,-0.335352,-0.272721,35.0,31.0,0.0, 0.0, 0.0,2,0:00:07
20200722_132209_3704701806, 93.56839752197266,-0.383816,-0.266483,35.0,31.0,0.0, 0.0, 0.0,2,0:00:07
20200722_132209_3704735138, 93.58345794677734,-0.407016,-0.263359,35.0,31.0,0.0, 0.0, 0.0,2,0:00:07
20200722_132209_3704785136, 93.61308288574219,-0.451715,-0.257499,35.0,31.0,0.0, 0.0, 0.0,2,0:00:07
20200722_132209_3704835134, 93.65625,-0.506738,-0.249042,35.0,31.0,0.0, 0.0, 0.0,2,0:00:07
20200722_132209_3704868466, 93.69800567626953,-0.545921,-0.241385,34.0,31.0,0.0, 0.0, 0.0,2,0:00:07
20200722_132209_3704901798, 93.72518920898438,-0.554598,-0.23627,34.0,31.0,0.0, 0.0, 0.0,2,0:00:07
20200722_132209_3704935130, 93.75198364257812,-0.553249,-0.231555,33.0,31.0,0.0, 0.0, 0.0,2,0:00:07
20200722_132209_3704951796, 93.7786865234375,-0.542182,-0.227835,32.0,31.0,0.0, 0.0, 0.0,2,0:00:07
20200722_132209_3704985128, 93.7919921875,-0.532509,-0.22629,31.0,31.0,0.0, 0.0, 0.0,2,0:00:07
20200722_132209_3705018460, 93.81886291503906,-0.505074,-0.224459,30.0,31.0,0.0, 0.0, 0.0,2,0:00:07
20200722_132209_3705051792, 93.84607696533203,-0.464383,-0.224138,30.0,31.0,0.0, 0.0, 0.0,2,0:00:07
20200722_132209_3705085124, 93.87321472167969,-0.405519,-0.224356,29.0,31.0,0.0, 0.0, 0.0,2,0:00:07
20200722_132209_3705118456, 93.90022277832031,-0.329387,-0.224745,29.0,31.0,0.0, 0.0, 0.0,2,0:00:07
20200722_132209_3705135122, 93.92693328857422,-0.239608,-0.224951,29.0,31.0,0.0, 0.0, 0.0,2,0:00:07
20200722_132209_3705168454, 93.94025421142578,-0.190187,-0.224711,29.0,31.0,0.0, 0.0, 0.0,2,0:00:07
20200722_132209_3705201786, 93.96688842773438,-0.092709,-0.224127,29.0,31.0,0.0, 0.0, 0.0,2,0:00:07
20200722_132209_3705218452, 93.99362182617188,-0.00187,-0.223315,29.0,31.0,0.0, 0.0, 0.0,2,0:00:07
20200722_132210_3705251784, 94.00706481933594,0.036974,-0.223143,29.0,31.0,0.0, 0.0, 0.0,2,0:00:08
20200722_132210_3705285116, 94.03412628173828,0.102119,-0.223234,29.0,31.0,0.0, 0.0, 0.0,2,0:00:08
20200722_132210_3705318448, 94.06147766113281,0.150172,-0.224299,29.0,31.0,0.0, 0.0, 0.0,2,0:00:08
20200722_132210_3705335114, 94.08918762207031,0.18228,-0.226107,29.0,32.0,0.0, 0.0, 0.0,2,0:00:08
20200722_132210_3705368446, 94.10325622558594,0.193213,-0.227332,29.0,32.0,0.0, 0.0, 0.0,2,0:00:08
20200722_132210_3705401778, 94.132080078125,0.202579,-0.230811,28.0,32.0,0.0, 0.0, 0.0,2,0:00:08
20200722_132210_3705418444, 94.16204071044922,0.204892,-0.235846,26.0,32.0,0.0, 0.0, 0.0,2,0:00:08
20200722_132210_3705468442, 94.17772674560547,0.197967,-0.239383,25.0,32.0,0.0, 0.0, 0.0,2,0:00:08
20200722_132210_3705485108, 94.22750091552734,0.173767,-0.253768,23.0,32.0,0.0, 0.0, 0.0,2,0:00:08
20200722_132210_3705535106, 94.24469757080078,0.172436,-0.259239,23.0,32.0,0.0, 0.0, 0.0,2,0:00:08
20200722_132210_3705551772, 94.29786682128906,0.203377,-0.276371,22.0,32.0,0.0, 0.0, 0.0,2,0:00:08
20200722_132210_3705585104, 94.31587982177734,0.229486,-0.281636,22.0,32.0,0.0, 0.0, 0.0,2,0:00:08
20200722_132210_3705618436, 94.35249328613281,0.301784,-0.291329,21.0,32.0,0.0, 0.0, 0.0,2,0:00:08
20200722_132210_3705635102, 94.38967895507812,0.403858,-0.298723,21.0,32.0,0.0, 0.0, 0.0,2,0:00:08
20200722_132210_3705685100, 94.40850830078125,0.457518,-0.301733,21.0,32.0,0.0, 0.0, 0.0,2,0:00:08
20200722_132210_3705701766, 94.4664306640625,0.592769,-0.310797,21.0,32.0,0.0, 0.0, 0.0,2,0:00:08
20200722_132210_3705735098, 94.4862060546875,0.621657,-0.313955,20.0,32.0,0.0, 0.0, 0.0,2,0:00:08
20200722_132210_3705751764, 94.52777862548828,0.592892,-0.322813,19.0,33.0,0.0, 0.0, 0.0,2,0:00:08
20200722_132210_3705785096, 94.54962921142578,0.538698,-0.328616,19.0,33.0,0.0, 0.0, 0.0,2,0:00:08
20200722_132210_3705801762, 94.59381103515625,0.458332,-0.340278,17.0,33.0,0.0, 0.0, 0.0,2,0:00:08
20200722_132210_3705851760, 94.61639404296875,0.347271,-0.346538,17.0,33.0,0.0, 0.0, 0.0,2,0:00:08
20200722_132210_3705885092, 94.6851577758789,-0.245423,-0.364609,14.0,33.0,0.0, 0.0, 0.0,2,0:00:08
20200722_132210_3705901758, 94.72916412353516,-0.500227,-0.371544,13.0,33.0,0.0, 0.0, 0.0,2,0:00:08
20200722_132210_3705935090, 94.75086975097656,-0.53517,-0.371876,12.0,33.0,0.0, 0.0, 0.0,2,0:00:08
20200722_132210_3705968422, 94.79547882080078,-0.692011,-0.373009,11.0,32.0,0.0, 0.0, 0.0,2,0:00:08
20200722_132210_3706001754, 94.84017944335938,-0.809188,-0.373032,10.0,32.0,0.0, 0.0, 0.0,2,0:00:08
20200722_132210_3706035086, 94.88404083251953,-0.649587,-0.369473,8.0,32.0,0.0, 0.0, 0.0,2,0:00:08
20200722_132210_3706068418, 94.92818450927734,-0.608258,-0.368099,8.0,32.0,0.0, 0.0, 0.0,2,0:00:08
20200722_132210_3706085084, 94.97150421142578,-0.575313,-0.367779,7.0,32.0,0.0, 0.0, 0.0,0,0:00:08
20200722_132210_3706118416, 94.99297332763672,-0.50848,-0.366348,7.0,32.0,0.0, 0.0, 0.0,0,0:00:08
20200722_132210_3706135082, 95.03556060791016,-0.388789,-0.362846,7.0,32.0,0.0, 0.0, 0.0,0,0:00:08
20200722_132210_3706185080, 95.05672454833984,-0.294797,-0.360958,8.0,32.0,0.0, 0.0, 0.0,2,0:00:08
20200722_132211_3706218412, 95.1197280883789,-0.005985,-0.355797,8.0,32.0,0.0, 0.0, 0.0,2,0:00:09
20200722_132211_3706251744, 95.16165924072266,0.146159,-0.353016,9.0,32.0,0.0, 0.0, 0.0,2,0:00:09
20200722_132211_3706301742, 95.20333862304688,0.243033,-0.350658,9.0,32.0,0.0, 0.0, 0.0,2,0:00:09
20200722_132211_3706351740, 95.26504516601562,0.338868,-0.347259,11.0,32.0,0.0, 0.0, 0.0,2,0:00:09
20200722_132211_3706368406, 95.32662963867188,0.335221,-0.34489,11.0,32.0,0.0, 0.0, 0.0,2,0:00:09
20200722_132211_3706401738, 95.34721374511719,0.325568,-0.344272,11.0,33.0,0.0, 0.0, 0.0,2,0:00:09
20200722_132211_3706435070, 95.38839721679688,0.309937,-0.343173,12.0,33.0,0.0, 0.0, 0.0,2,0:00:09
20200722_132211_3706468402, 95.42961120605469,0.299539,-0.342612,12.0,33.0,0.0, 0.0, 0.0,2,0:00:09
20200722_132211_3706485068, 95.47130584716797,0.221611,-0.343826,13.0,33.0,0.0, 0.0, 0.0,2,0:00:09
20200722_132211_3706535066, 95.49221801757812,0.192204,-0.344501,13.0,33.0,0.0, 0.0, 0.0,2,0:00:09
20200722_132211_3706551732, 95.55509948730469,0.138846,-0.346527,13.0,34.0,0.0, 0.0, 0.0,2,0:00:09
20200722_132211_3706585064, 95.57621002197266,0.125809,-0.347248,13.0,34.0,0.0, 0.0, 0.0,2,0:00:09
20200722_132211_3706635062, 95.61859130859375,0.06932,-0.349525,13.0,35.0,0.0, 0.0, 0.0,2,0:00:09
20200722_132211_3706651728, 95.68251037597656,0.029615,-0.352066,13.0,37.0,0.0, 0.0, 0.0,2,0:00:09
20200722_132211_3706701726, 95.70391845703125,0.020524,-0.35289,13.0,37.0,0.0, 0.0, 0.0,2,0:00:09
20200722_132211_3706735058, 95.7685546875,-0.001949,-0.355819,13.0,38.0,0.0, 0.0, 0.0,2,0:00:09
20200722_132211_3706751724, 95.81205749511719,-0.004103,-0.357845,13.0,38.0,0.0, 0.0, 0.0,2,0:00:09
20200722_132211_3706785056, 95.83395385742188,-0.002676,-0.359001,13.0,39.0,0.0, 0.0, 0.0,2,0:00:09
20200722_132211_3706801722, 95.87803649902344,0.002195,-0.361553,13.0,40.0,0.0, 0.0, 0.0,2,0:00:09
20200722_132211_3706835054, 95.90017700195312,0.008029,-0.362835,13.0,40.0,0.0, 0.0, 0.0,2,0:00:09
20200722_132211_3706851720, 95.9447250366211,0.026608,-0.365627,13.0,40.0,0.0, 0.0, 0.0,2,0:00:09
20200722_132211_3706901718, 95.9671859741211,0.033049,-0.36715,13.0,40.0,0.0, 0.0, 0.0,2,0:00:09
20200722_132211_3706951716, 96.0352783203125,0.0493,-0.372094,13.0,40.0,0.0, 0.0, 0.0,2,0:00:09
20200722_132211_3706968382, 96.10454559326172,0.048441,-0.377564,13.0,40.0,0.0, 0.0, 0.0,2,0:00:09
20200722_132211_3707018380, 96.12779235839844,0.044501,-0.379418,13.0,40.0,0.0, 0.0, 0.0,2,0:00:09
20200722_132211_3707035046, 96.19824981689453,0.01599,-0.385163,13.0,41.0,0.0, 0.0, 0.0,2,0:00:09
20200722_132211_3707051712, 96.22198486328125,0.005507,-0.387109,13.0,41.0,0.0, 0.0, 0.0,2,0:00:09
20200722_132211_3707085044, 96.24580383300781,-0.004172,-0.389009,13.0,42.0,0.0, 0.0, 0.0,2,0:00:09
20200722_132211_3707118376, 96.2938232421875,-0.022412,-0.392625,13.0,42.0,0.0, 0.0, 0.0,2,0:00:09
20200722_132211_3707151708, 96.34227752685547,-0.030224,-0.396287,13.0,42.0,0.0, 0.0, 0.0,2,0:00:09
20200722_132212_3707185040, 96.39102172851562,-0.030417,-0.399847,13.0,42.0,0.0, 0.0, 0.0,2,0:00:10
20200722_132212_3707218372, 96.44015502929688,-0.022883,-0.403234,13.0,42.0,0.0, 0.0, 0.0,2,0:00:10
20200722_132212_3707235038, 96.48970031738281,-0.020745,-0.406565,13.0,42.0,0.0, 0.0, 0.0,2,0:00:10
20200722_132212_3707268370, 96.5146484375,-0.015445,-0.408201,13.0,42.0,0.0, 0.0, 0.0,2,0:00:10
20200722_132212_3707285036, 96.5650863647461,-0.033082,-0.411829,12.0,42.0,0.0, 0.0, 0.0,2,0:00:10
20200722_132212_3707335034, 96.5905532836914,-0.048291,-0.413843,12.0,42.0,0.0, 0.0, 0.0,2,0:00:10
20200722_132212_3707351700, 96.66826629638672,-0.165951,-0.421271,11.0,42.0,0.0, 0.0, 0.0,2,0:00:10
20200722_132212_3707401698, 96.69436645507812,-0.210121,-0.423743,10.0,42.0,0.0, 0.0, 0.0,2,0:00:10
20200722_132212_3707435030, 96.77294158935547,-0.356127,-0.430541,9.0,42.0,0.0, 0.0, 0.0,2,0:00:10
20200722_132212_3707451696, 96.82501220703125,-0.384931,-0.433276,9.0,42.0,0.0, 0.0, 0.0,2,0:00:10
20200722_132212_3707485028, 96.85102081298828,-0.384706,-0.43418,9.0,42.0,0.0, 0.0, 0.0,2,0:00:10
20200722_132212_3707518360, 96.90328216552734,-0.31145,-0.435199,9.0,42.0,0.0, 0.0, 0.0,2,0:00:10
20200722_132212_3707535026, 96.95584106445312,-0.218393,-0.435851,9.0,42.0,0.0, 0.0, 0.0,2,0:00:10
20200722_132212_3707585024, 96.98222351074219,-0.164972,-0.436286,9.0,42.0,0.0, 0.0, 0.0,2,0:00:10
20200722_132212_3707601690, 97.06179809570312,-0.035699,-0.438026,9.0,42.0,0.0, 0.0, 0.0,2,0:00:10
20200722_132212_3707651688, 97.08837890625,-0.013607,-0.438998,9.0,42.0,0.0, 0.0, 0.0,2,0:00:10
20200722_132212_3707685020, 97.16846466064453,-0.025263,-0.442031,8.0,42.0,0.0, 0.0, 0.0,2,0:00:10
20200722_132212_3707701686, 97.22218322753906,-0.044953,-0.443965,8.0,42.0,0.0, 0.0, 0.0,2,0:00:10
20200722_132212_3707735018, 97.24910736083984,-0.057474,-0.444869,8.0,42.0,0.0, 0.0, 0.0,2,0:00:10
20200722_132212_3707768350, 97.30316162109375,-0.082251,-0.446632,8.0,42.0,0.0, 0.0, 0.0,2,0:00:10
20200722_132212_3707801682, 97.357421875,-0.097047,-0.448475,8.0,42.0,0.0, 0.0, 0.0,2,0:00:10
20200722_132212_3707835014, 97.4117660522461,-0.097466,-0.450283,7.0,42.0,0.0, 0.0, 0.0,0,0:00:10
20200722_132212_3707868346, 97.46638488769531,-0.097423,-0.451874,7.0,42.0,0.0, 0.0, 0.0,0,0:00:10
20200722_132212_3707885012, 97.52124786376953,-0.125965,-0.453636,7.0,42.0,0.0, 0.0, 0.0,0,0:00:10
20200722_132212_3707918344, 97.5487289428711,-0.128714,-0.454426,7.0,42.0,0.0, 0.0, 0.0,0,0:00:10
20200722_132212_3707951676, 97.6037826538086,-0.143553,-0.455902,7.0,42.0,0.0, 0.0, 0.0,0,0:00:10
20200722_132212_3707968342, 97.65874481201172,-0.144547,-0.457001,6.0,42.0,0.0, 0.0, 0.0,0,0:00:10
20200722_132212_3708018340, 97.68622589111328,-0.147398,-0.457493,6.0,42.0,0.0, 0.0, 0.0,0,0:00:10
20200722_132212_3708051672, 97.76905822753906,-0.144045,-0.458935,6.0,42.0,0.0, 0.0, 0.0,0,0:00:10
20200722_132212_3708085004, 97.82440185546875,-0.110507,-0.459507,6.0,42.0,0.0, 0.0, 0.0,0,0:00:10
20200722_132212_3708135002, 97.87992095947266,-0.107667,-0.460297,5.0,42.0,0.0, 0.0, 0.0,0,0:00:10
20200722_132213_3708151668, 97.96351623535156,-0.149152,-0.462208,5.0,42.0,0.0, 0.0, 0.0,0,0:00:11
20200722_132213_3708185000, 97.99146270751953,-0.152141,-0.462906,4.0,42.0,0.0, 0.0, 0.0,0,0:00:11
20200722_132213_3708201666, 98.0473861694336,-0.180883,-0.463948,4.0,42.0,0.0, 0.0, 0.0,0,0:00:11
20200722_132213_3708251664, 98.07530212402344,-0.180332,-0.464325,4.0,42.0,0.0, 0.0, 0.0,0,0:00:11
20200722_132213_3708284996, 98.1589126586914,-0.184737,-0.465046,4.0,42.0,0.0, 0.0, 0.0,0,0:00:11
20200722_132213_3708318328, 98.21469116210938,-0.14097,-0.465264,4.0,42.0,0.0, 0.0, 0.0,0,0:00:11
20200722_132213_3708351660, 98.27066040039062,-0.085081,-0.465401,4.0,42.0,0.0, 0.0, 0.0,0,0:00:11
20200722_132213_3708368326, 98.32669830322266,-0.027332,-0.465584,4.0,42.0,0.0, 0.0, 0.0,0,0:00:11
20200722_132213_3708418324, 98.35474395751953,-0.015715,-0.465802,4.0,42.0,0.0, 0.0, 0.0,0,0:00:11
20200722_132213_3708434990, 98.43879699707031,0.031337,-0.466534,4.0,42.0,0.0, 0.0, 0.0,0,0:00:11
20200722_132213_3708451656, 98.46681213378906,0.030464,-0.466774,4.0,42.0,0.0, 0.0, 0.0,0,0:00:11
20200722_132213_3708484988, 98.49482727050781,0.025905,-0.466946,4.0,42.0,0.0, 0.0, 0.0,0,0:00:11
20200722_132213_3708518320, 98.55091857910156,0.015361,-0.467152,4.0,42.0,0.0, 0.0, 0.0,0,0:00:11
20200722_132213_3708551652, 98.607177734375,0.008968,-0.467518,4.0,42.0,0.0, 0.0, 0.0,0,0:00:11
20200722_132213_3708568318, 98.66352844238281,-0.008997,-0.467999,4.0,42.0,0.0, 0.0, 0.0,0,0:00:11
20200722_132213_3708601650, 98.6917724609375,-0.018562,-0.468354,3.0,42.0,0.0, 0.0, 0.0,0,0:00:11
20200722_132213_3708634982, 98.74845886230469,-0.081558,-0.469475,3.0,42.0,0.0, 0.0, 0.0,0,0:00:11
20200722_132213_3708684980, 98.8051986694336,-0.139969,-0.470608,2.0,42.0,0.0, 0.0, 0.0,0,0:00:11
20200722_132213_3708701646, 98.89026641845703,-0.242949,-0.471879,2.0,42.0,0.0, 0.0, 0.0,0,0:00:11
20200722_132213_3708751644, 98.91852569580078,-0.26446,-0.472039,1.0,42.0,0.0, 0.0, 0.0,0,0:00:11
20200722_132213_3708784976, 99.00335693359375,-0.297395,-0.472153,1.0,42.0,0.0, 0.0, 0.0,0,0:00:11
20200722_132213_3708801642, 99.06002807617188,-0.330269,-0.472062,-0.0,42.0,0.0, 0.0, 0.0,0,0:00:11
20200722_132213_3708834974, 99.08847045898438,-0.302955,-0.472188,-0.0,42.0,0.0, 0.0, 0.0,0,0:00:11
20200722_132213_3708851640, 99.1451187133789,-0.294459,-0.472027,-1.0,42.0,0.0, 0.0, 0.0,0,0:00:11
20200722_132213_3708884972, 99.173583984375,-0.320346,-0.472256,-2.0,42.0,0.0, 0.0, 0.0,0,0:00:11
20200722_132213_3708918304, 99.23051452636719,-0.364169,-0.472954,-3.0,42.0,0.0, 0.0, 0.0,0,0:00:11
20200722_132213_3708951636, 99.28726959228516,-0.421907,-0.473252,-4.0,42.0,0.0, 0.0, 0.0,0,0:00:11
20200722_132213_3708984968, 99.34429931640625,-0.48262,-0.473847,-5.0,42.0,0.0, 0.0, 0.0,0,0:00:11
20200722_132213_3709018300, 99.40119171142578,-0.565801,-0.474087,-5.0,42.0,0.0, 0.0, 0.0,0,0:00:11
20200722_132213_3709051632, 99.45765686035156,-0.517325,-0.473515,-6.0,42.0,0.0, 0.0, 0.0,0,0:00:11
20200722_132213_3709084964, 99.51380157470703,-0.47138,-0.472199,-7.0,42.0,0.0, 0.0, 0.0,0,0:00:11
20200722_132213_3709118296, 99.57027435302734,-0.371439,-0.471741,-7.0,42.0,0.0, 0.0, 0.0,0,0:00:11
20200722_132214_3709151628, 99.62749481201172,-0.221021,-0.47205,-6.0,42.0,0.0, 0.0, 0.0,0,0:00:12
20200722_132214_3709168294, 99.68476104736328,-0.112322,-0.47268,-6.0,42.0,0.0, 0.0, 0.0,0,0:00:12
20200722_132214_3709201626, 99.7137222290039,-0.070746,-0.473641,-6.0,42.0,0.0, 0.0, 0.0,0,0:00:12
20200722_132214_3709234958, 99.77067565917969,0.038662,-0.474911,-6.0,42.0,0.0, 0.0, 0.0,0,0:00:12
20200722_132214_3709268290, 99.82776641845703,0.115882,-0.476571,-5.0,42.0,0.0, 0.0, 0.0,0,0:00:12
20200722_132214_3709284956, 99.88480377197266,0.159028,-0.47664,-5.0,42.0,0.0, 0.0, 0.0,0,0:00:12
20200722_132214_3709301622, 99.91342163085938,0.20103,-0.476605,-4.0,42.0,0.0, 0.0, 0.0,0,0:00:12
20200722_132214_3709351620, 99.94187927246094,0.227047,-0.476285,-4.0,42.0,0.0, 0.0, 0.0,0,0:00:12
20200722_132214_3709384952, 100.02760314941406,0.293471,-0.475598,-4.0,42.0,0.0, 0.0, 0.0,0,0:00:12
20200722_132214_3709434950, 100.08428955078125,0.282382,-0.475346,-3.0,42.0,0.0, 0.0, 0.0,0,0:00:12
20200722_132214_3709451616, 100.16915893554688,0.242482,-0.473984,-3.0,42.0,0.0, 0.0, 0.0,0,0:00:12
20200722_132214_3709468282, 100.19744110107422,0.197601,-0.473424,-3.0,42.0,0.0, 0.0, 0.0,0,0:00:12
20200722_132214_3709501614, 100.22566986083984,0.173709,-0.473046,-3.0,42.0,0.0, 0.0, 0.0,0,0:00:12
20200722_132214_3709534946, 100.2822265625,0.11199,-0.471982,-3.0,42.0,0.0, 0.0, 0.0,0,0:00:12
20200722_132214_3709568278, 100.3385009765625,0.08499,-0.470894,-3.0,42.0,0.0, 0.0, 0.0,0,0:00:12
20200722_132214_3709601610, 100.39501190185547,0.052434,-0.470814,-3.0,42.0,0.0, 0.0, 0.0,0,0:00:12
20200722_132214_3709634942, 100.45134735107422,0.039503,-0.470379,-3.0,42.0,0.0, 0.0, 0.0,0,0:00:12
20200722_132214_3709668274, 100.50775909423828,0.028538,-0.470219,-2.0,42.0,0.0, 0.0, 0.0,0,0:00:12
20200722_132214_3709684940, 100.56421661376953,0.018374,-0.470047,-2.0,42.0,0.0, 0.0, 0.0,0,0:00:12
20200722_132214_3709718272, 100.5924072265625,0.015825,-0.470162,-2.0,42.0,0.0, 0.0, 0.0,0,0:00:12
20200722_132214_3709768270, 100.64878845214844,0.023936,-0.46999,-2.0,42.0,0.0, 0.0, 0.0,0,0:00:12
20200722_132214_3709784936, 100.73332214355469,0.031608,-0.470025,-2.0,42.0,0.0, 0.0, 0.0,0,0:00:12
20200722_132214_3709801602, 100.76148986816406,0.032116,-0.469876,-2.0,42.0,0.0, 0.0, 0.0,0,0:00:12
20200722_132214_3709834934, 100.78961181640625,0.028566,-0.469819,-2.0,42.0,0.0, 0.0, 0.0,0,0:00:12
20200722_132214_3709884932, 100.8459243774414,0.023486,-0.469578,-2.0,42.0,0.0, 0.0, 0.0,0,0:00:12
20200722_132214_3709901598, 100.93037414550781,0.009639,-0.469372,-2.0,42.0,0.0, 0.0, 0.0,0,0:00:12
20200722_132214_3709934930, 100.95851135253906,0.010097,-0.469292,-2.0,42.0,0.0, 0.0, 0.0,0,0:00:12
20200722_132214_3709968262, 101.0147933959961,0.019582,-0.469178,-2.0,42.0,0.0, 0.0, 0.0,0,0:00:12
20200722_132214_3710001594, 101.07110595703125,0.039074,-0.469212,-2.0,42.0,0.0, 0.0, 0.0,0,0:00:12
20200722_132214_3710034926, 101.12738800048828,0.052495,-0.469166,-2.0,42.0,0.0, 0.0, 0.0,0,0:00:12
20200722_132214_3710068258, 101.18362426757812,0.092804,-0.469029,-1.0,42.0,0.0, 0.0, 0.0,0,0:00:12
20200722_132214_3710101590, 101.24008178710938,0.137482,-0.469349,-1.0,42.0,0.0, 0.0, 0.0,0,0:00:12
20200722_132215_3710118256, 101.296630859375,0.231943,-0.469796,0.0,42.0,0.0, 0.0, 0.0,0,0:00:13
20200722_132215_3710168254, 101.32503509521484,0.237826,-0.470288,0.0,42.0,0.0, 0.0, 0.0,0,0:00:13
20200722_132215_3710218252, 101.40901184082031,0.216788,-0.469429,1.0,42.0,0.0, 0.0, 0.0,0,0:00:13
20200722_132215_3710234918, 101.49270629882812,0.233151,-0.468239,1.0,42.0,0.0, 0.0, 0.0,0,0:00:13
20200722_132215_3710268250, 101.52071380615234,0.209952,-0.467781,1.0,42.0,0.0, 0.0, 0.0,0,0:00:13
20200722_132215_3710284916, 101.5767593383789,0.110042,-0.466935,1.0,42.0,0.0, 0.0, 0.0,0,0:00:13
20200722_132215_3710334914, 101.60479736328125,0.102209,-0.466339,1.0,42.0,0.0, 0.0, 0.0,0,0:00:13
20200722_132215_3710351580, 101.68885803222656,0.094202,-0.466477,1.0,42.0,0.0, 0.0, 0.0,0,0:00:13
20200722_132215_3710401578, 101.71687316894531,0.043026,-0.466752,1.0,42.0,0.0, 0.0, 0.0,0,0:00:13
20200722_132215_3710418244, 101.80071258544922,-0.004764,-0.466729,1.0,42.0,0.0, 0.0, 0.0,0,0:00:13
20200722_132215_3710451576, 101.82860565185547,-0.003079,-0.466523,1.0,42.0,0.0, 0.0, 0.0,0,0:00:13
